cam0:
  T_cn_cnm1:
  - [0.9999921925927783, 0.0007481015782843728, -0.0038800898853131576, 0.08880224619122669]
  - [-0.0007555440727207026, 0.9999978771044162, -0.001917013254195936, 0.005982746527039138]
  - [0.003878647527646416, 0.0019199298662072812, 0.9999906349374813, 0.002844842268746667]
  - [0.0, 0.0, 0.0, 1.0]
  cam_overlaps: [0, 1]
  camera_model: pinhole
  distortion_coeffs: [-0.41228985220002407, 0.17529736157666467, -0.0008176159623461872,
    0.0013628079261338304]
  distortion_model: radtan
  intrinsics: [7.71225970e+03, 2.18052886e+03, 7.73032540e+03, 1.04881137e+03]
  resolution: [2048, 1500]
  rostopic: /blackfly/image
